A 74 50 37
A 74 49 36
A 73 50 36
A 74 50 36
A 72 48 36
A 84 56 33
A 76 52 38
A 72 49 36
A 74 49 37
A 71 48 36
A 74 51 38
A 67 46 34
A 71 47 35
A 73 50 37
A 69 47 35
B 64 39 29
B 115 79 58
B 114 80 58
B 113 77 57
B 116 79 59
B 114 78 58
B 107 73 53
B 105 72 53
B 115 80 58
B 114 79 58
B 71 46 32
C 69 44 31
C 62 39 27
C 74 47 34
C 60 38 26
C 76 51 35
C 60 40 29
C 58 41 30
C 70 45 32
C 63 40 28
C 79 51 36
C 72 46 33
C 73 43 34
C 74 49 34
C 76 52 36
C 76 44 35
C 61 39 27
C 72 45 34
C 75 50 35
C 72 47 34
C 76 50 35
C 73 47 34
C 74 50 35
C 73 49 34
C 78 51 36
C 56 42 33
C 72 44 32
C 77 50 34
C 71 47 33
C 75 51 35
C 70 44 32
C 75 51 36
C 72 45 33
C 72 47 33
C 69 44 32
C 74 47 35
C 74 50 34
C 76 51 36
C 68 43 31
C 72 46 34
C 156 162 167
C 68 44 29
C 74 49 35
C 73 48 34
C 73 46 34
C 71 46 33
C 72 48 34
D 123 186 196
D 75 53 38
D 69 45 32
D 74 53 38
D 75 52 36
D 75 50 36
D 124 188 198
D 131 163 170
D 72 50 36
D 125 188 198
D 124 187 196
D 71 47 34
D 129 162 168
D 74 50 35
D 68 45 32
D 124 188 197
D 125 188 197
D 75 51 36
D 73 50 35
D 76 50 37
D 69 48 35
D 71 49 36
D 124 186 196
D 124 164 171
D 124 187 197
D 72 48 34
E 86 43 21
H 70 46 34
H 57 36 26
H 69 46 34
H 68 45 33
H 56 35 25
H 58 37 26
H 70 46 33
H 51 33 25
H 69 45 34
H 68 46 34
H 54 34 25
H 56 36 26
H 62 39 28
H 59 37 25
H 67 45 33
H 54 33 23
H 68 46 33
H 54 34 24
H 55 34 25
H 61 39 28
K 222 151 91
K 223 150 91
K 223 151 91
K 20 122 86
K 189 117 72
K 19 123 86
K 20 121 84
K 184 113 70
K 188 116 72
K 20 122 85
K 223 151 92
K 223 152 92
L 68 49 34
L 63 46 32
L 61 43 30
L 66 47 34
L 65 45 32
L 66 48 34
L 62 43 30
L 64 45 32
L 66 48 33
L 67 50 35
L 65 48 34
L 68 50 35
M 164 107 79
M 37 38 38
M 244 177 118
M 240 173 118
M 214 148 101
M 242 175 117
M 132 98 75
M 60 74 58
M 136 98 76
M 165 106 80
M 243 176 117
M 205 141 94
M 239 171 115
M 236 167 112
M 245 180 121
M 68 62 58
M 68 63 57
M 73 93 47
M 244 179 120
M 48 47 46
M 248 182 122
M 150 100 72
M 246 180 121
M 163 106 79
M 47 61 34
M 62 108 37
M 247 179 118
M 53 62 57
M 154 160 165
M 153 103 71
M 141 99 78
M 74 88 46
M 204 139 93
M 153 159 164
M 204 149 103
M 108 123 130
M 191 137 96
M 195 144 103
M 65 105 46
M 228 158 103
M 195 133 91
M 159 103 77
M 246 177 118
M 61 96 42
M 208 141 95
M 41 42 41
M 210 144 97
M 38 38 38
M 245 177 118
M 158 105 72
M 247 180 119
M 206 140 94
M 171 169 171
M 243 178 118
M 208 143 95
M 213 147 100
M 140 99 78
M 41 44 41
M 159 106 78
M 200 135 92
M 191 126 86
M 206 141 95
M 166 108 80
M 246 178 119
M 100 71 49
M 193 129 87
M 69 103 47
M 210 145 98
M 202 137 92
M 200 144 97
M 247 180 121
M 45 64 33
M 164 106 80
M 247 181 122
M 33 48 24
M 160 105 77
M 235 167 112
M 155 161 166
M 162 105 78
M 45 60 38
M 175 113 82
M 37 39 39
M 244 178 119
M 246 179 119
M 229 159 103
M 203 137 94
M 203 138 93
M 57 60 50
M 201 136 92
M 71 88 44
M 47 61 40
M 190 125 86
M 58 63 51
M 130 85 64
M 239 172 116
M 243 176 116
M 209 143 95
M 187 125 86
M 187 126 85
M 62 93 39
M 146 101 78
M 56 106 42
M 197 140 94
M 198 143 99
M 191 137 93
M 194 128 87
M 207 141 95
M 192 126 86
M 244 179 119
M 68 103 46
M 192 138 97
M 36 36 36
M 246 180 120
M 245 176 116
M 210 143 96
M 73 88 86
M 199 142 96
M 169 110 80
M 73 83 44
M 192 127 87
M 28 48 21
M 247 179 120
M 209 143 97
M 165 107 80
M 241 175 116
M 163 105 79
M 67 97 46
M 211 146 99
M 243 177 119
M 178 115 83
M 236 168 112
M 207 142 96
M 209 144 98
M 236 169 113
M 150 100 73
M 210 144 96
M 245 177 117
M 108 122 130
M 46 62 38
M 126 86 63
M 197 132 88
M 245 179 120
M 230 160 104
M 153 160 164
M 161 105 79
M 140 99 77
M 62 94 42
M 167 109 80
M 200 135 91
M 243 178 120
M 202 138 93
M 98 69 49
M 246 178 118
M 204 138 95
M 201 143 95
M 67 93 44
M 235 166 110
M 193 129 86
M 210 144 98
M 159 105 78
M 200 142 96
M 63 101 44
M 46 62 40
M 65 54 50
M 205 139 93
M 164 106 79
M 244 176 118
M 244 177 117
M 130 96 70
M 166 107 80
M 102 72 50
M 247 181 121
M 55 106 42
M 206 140 95
M 205 140 94
M 46 55 37
M 202 146 99
M 240 174 118
M 42 45 40
M 177 114 83
M 204 140 94
M 148 99 70
M 248 181 122
M 210 145 99
M 239 172 115
M 141 99 77
M 52 50 40
M 200 138 94
M 132 98 76
M 58 105 43
M 137 98 74
M 155 162 166
M 238 172 116
M 163 107 79
M 205 140 96
M 207 141 94
M 62 98 37
M 160 107 78
M 243 175 116
M 209 142 95
M 244 178 120
M 240 176 117
M 199 134 94
M 162 172 181
M 201 136 93
M 210 143 95
M 128 85 63
M 203 140 94
M 247 179 119
M 103 72 50
M 209 143 96
M 61 97 42
M 62 93 40
M 159 104 77
M 191 141 101
M 208 142 95
M 56 72 41
M 163 105 78
M 73 87 86
M 165 108 80
M 241 177 118
M 234 166 110
M 192 126 87
M 43 60 33
M 78 89 48
M 158 106 72
M 207 141 96
M 156 108 76
M 245 178 118
M 240 177 118
M 140 98 75
M 191 125 86
M 176 180 183
M 62 101 44
M 206 141 94
M 53 78 38
M 245 179 119
M 247 180 120
M 209 143 98
M 161 105 78
M 131 85 64
M 155 102 76
M 163 105 80
M 166 109 80
M 208 142 97
M 243 178 119
M 208 143 96
M 61 60 61
M 161 172 180
M 202 138 92
M 207 142 97
M 162 104 78
M 204 138 94
M 188 127 85
M 140 98 77
M 191 126 87
M 74 87 87
M 48 61 41
M 190 139 99
M 149 100 72
M 37 37 37
M 146 96 69
M 199 141 94
M 188 126 86
M 202 137 93
M 107 121 129
M 200 137 92
M 197 132 89
M 244 177 116
M 36 37 37
M 68 93 44
M 72 102 48
M 43 58 34
M 155 105 74
M 198 132 89
M 208 143 98
M 146 101 77
M 201 137 92
M 129 96 75
M 115 88 69
M 158 103 77
M 162 105 79
M 173 177 181
M 128 95 74
M 248 181 121
M 246 179 120
M 203 138 94
M 205 139 94
M 74 84 44
P 57 38 23
P 58 38 24
P 56 36 22
P 58 38 23
P 55 35 22
P 54 35 21
P 58 39 24
P 55 36 22
P 56 37 22
P 57 37 23
R 72 47 32
R 237 171 115
R 69 44 31
R 60 38 26
R 73 47 32
R 236 170 114
R 71 46 32
R 75 49 34
R 73 48 33
R 72 48 33
R 69 43 31
R 69 44 30
R 61 49 28
R 72 46 32
R 74 49 33
R 75 50 34
R 69 45 30
R 73 47 33
R 74 48 33
S 75 50 35
S 71 47 33
S 72 48 33
S 70 44 32
S 70 45 32
S 73 48 34
S 73 46 34
S 74 50 35
S 72 47 33
S 74 49 34
S 74 50 34
S 72 48 34
U 63 51 43
U 62 49 41
U 61 48 40
U 60 48 39
U 62 48 40
U 62 49 40
U 61 48 39
U 60 47 39
W 190 90 47
W 70 37 22
W 75 43 27
W 72 40 23
W 208 98 52
W 205 94 49
W 72 42 26
W 220 110 57
W 70 39 25
W 192 90 48
W 201 89 47
W 218 108 57
W 57 34 22
W 155 69 37
W 68 36 20
W 228 115 62
W 221 110 58
W 202 89 47
W 71 41 26
W 191 90 48
W 72 39 23
W 59 31 18
W 207 91 48
W 220 109 57
W 222 111 58
W 205 96 51
W 206 96 51
W 221 110 57
W 70 42 25
W 69 38 24
W 62 33 20
W 215 106 56
W 63 33 20
